135.0
0.0
0.0
0.0
90.0
93.99999
0.0
0.0
0.0
93.99999
93.99999
90.0
0.0
0.99999994
95.0
95.0
90.0
135.0
0.0
4.9999995
135.0
0.0
178.0
12.0
0.0
6.0
0.99999994
15.0
178.99998
0.0
3.9999998
13.999999
28.999998
1.9999999
12.0
18.999998
22.999998
13.999999
18.999998
4.9999995
28.999998
178.99998
9.999999
12.0
15.0
15.999999
18.0
24.0
7.9999995
15.0
21.999998
0.0
18.0
18.0
22.999998
26.999998
15.0
15.999999
18.0
22.999998
12.0
12.999999
15.0
21.0
21.0
21.999998
22.999998
24.999998
178.99998
0.0
13.999999
22.999998
24.999998
176.99998
9.999999
15.0
18.999998
21.999998
21.999998
24.0
24.0
24.999998
27.999998
95.0
0.99999994
9.0
30.0
135.0
